0 []
1 [([0, 0, 1], [4, 0, 1]), ([5, 9, 1], [5, 9, 1]), ([6, 4, 1], [6, 7, 1]), ([1, 6, 1], [2, 6, 1]), ([0, 5, 2], [0, 5, 4]), ([7, 9, 3], [7, 9, 5])]
2 [([2, 1, 2], [2, 4, 2]), ([8, 1, 2], [9, 1, 2]), ([9, 7, 2], [9, 9, 2]), ([0, 9, 2], [2, 9, 2]), ([4, 1, 2], [4, 2, 2]), ([7, 6, 2], [7, 8, 2]), ([8, 3, 2], [8, 5, 2]), ([0, 7, 2], [3, 7, 2]), ([4, 8, 2], [6, 8, 2]), ([0, 0, 3], [0, 0, 5]), ([0, 5, 2], [0, 5, 4]), ([7, 9, 3], [7, 9, 5])]
3 [([9, 0, 3], [9, 2, 3]), ([1, 8, 3], [1, 9, 3]), ([4, 5, 3], [5, 5, 3]), ([8, 4, 3], [8, 4, 5]), ([9, 9, 3], [9, 9, 6]), ([7, 5, 3], [9, 5, 3]), ([2, 3, 3], [2, 3, 6]), ([3, 1, 3], [3, 2, 3]), ([6, 2, 3], [6, 6, 3]), ([0, 9, 4], [0, 9, 7]), ([0, 0, 3], [0, 0, 5])]
4 [([7, 3, 4], [8, 3, 4]), ([1, 7, 4], [2, 7, 4]), ([1, 0, 4], [4, 0, 4]), ([6, 1, 4], [8, 1, 4]), ([3, 1, 4], [5, 1, 4]), ([6, 6, 4], [6, 9, 4]), ([8, 4, 3], [8, 4, 5]), ([9, 9, 3], [9, 9, 6]), ([2, 3, 3], [2, 3, 6]), ([0, 0, 6], [0, 0, 7]), ([0, 9, 4], [0, 9, 7])]
5 [([2, 1, 5], [3, 1, 5]), ([0, 6, 5], [0, 8, 5]), ([0, 4, 5], [3, 4, 5]), ([3, 0, 5], [7, 0, 5]), ([4, 3, 5], [4, 6, 5]), ([5, 4, 5], [7, 4, 5]), ([2, 3, 7], [2, 3, 8]), ([0, 0, 6], [0, 0, 7]), ([7, 3, 7], [7, 3, 9])]
6 [([0, 1, 6], [3, 1, 6]), ([6, 2, 6], [8, 2, 6]), ([3, 2, 6], [5, 2, 6]), ([9, 0, 6], [9, 2, 6]), ([2, 0, 6], [4, 0, 6]), ([9, 4, 6], [9, 7, 6]), ([7, 9, 6], [8, 9, 6]), ([0, 8, 6], [2, 8, 6]), ([2, 3, 7], [2, 3, 8]), ([7, 3, 7], [7, 3, 9])]
7 [([4, 9, 7], [7, 9, 7]), ([3, 8, 7], [6, 8, 7]), ([1, 7, 7], [4, 7, 7]), ([4, 4, 8], [6, 4, 8]), ([1, 7, 8], [4, 7, 8]), ([1, 8, 8], [3, 8, 8]), ([0, 9, 8], [2, 9, 8]), ([4, 2, 8], [4, 2, 8]), ([5, 2, 8], [6, 2, 8]), ([1, 4, 8], [3, 4, 8])]
8 [([0, 4, 8], [0, 6, 8]), ([2, 2, 9], [2, 4, 9]), ([7, 9, 9], [7, 9, 9]), ([4, 5, 9], [4, 7, 9]), ([8, 1, 9], [8, 3, 9]), ([1, 4, 10], [1, 6, 10])]
9 [([5, 8, 10], [8, 8, 10]), ([5, 3, 10], [7, 3, 10]), ([0, 9, 10], [2, 9, 10]), ([1, 6, 11], [1, 6, 12]), ([7, 1, 11], [8, 1, 11])]
10 [([3, 2, 11], [3, 4, 11]), ([1, 1, 11], [1, 4, 11]), ([2, 5, 11], [2, 7, 11]), ([5, 3, 11], [5, 6, 11]), ([6, 1, 11], [6, 3, 11]), ([4, 0, 11], [4, 2, 11]), ([2, 2, 12], [2, 4, 12]), ([1, 6, 11], [1, 6, 12]), ([2, 7, 12], [2, 8, 12]), ([4, 3, 12], [4, 5, 12]), ([2, 9, 13], [2, 9, 15])]
11 [([0, 9, 12], [1, 9, 12]), ([8, 1, 13], [9, 1, 13]), ([3, 3, 14], [3, 3, 17]), ([6, 1, 14], [6, 1, 16]), ([4, 5, 15], [4, 5, 17]), ([2, 9, 13], [2, 9, 15])]
12 [([7, 0, 13], [7, 2, 13]), ([1, 5, 13], [1, 7, 13]), ([8, 8, 13], [8, 9, 13]), ([1, 2, 14], [1, 3, 14]), ([5, 2, 14], [5, 3, 14]), ([7, 2, 14], [7, 4, 14]), ([6, 1, 14], [6, 1, 16]), ([3, 3, 14], [3, 3, 17]), ([4, 5, 15], [4, 5, 17])]
13 [([5, 6, 14], [6, 6, 14]), ([3, 1, 14], [5, 1, 14]), ([8, 9, 14], [8, 9, 14]), ([1, 4, 14], [3, 4, 14]), ([0, 6, 14], [2, 6, 14]), ([8, 8, 14], [8, 8, 16]), ([1, 6, 15], [2, 6, 15]), ([3, 2, 15], [5, 2, 15]), ([6, 2, 15], [8, 2, 15]), ([7, 1, 16], [7, 1, 18])]
14 [([2, 0, 15], [2, 3, 15]), ([8, 9, 16], [8, 9, 16]), ([5, 5, 16], [5, 8, 16]), ([8, 8, 14], [8, 8, 16]), ([1, 0, 16], [1, 4, 16]), ([6, 5, 16], [6, 6, 16]), ([3, 4, 17], [3, 4, 18]), ([7, 1, 16], [7, 1, 18])]
15 [([5, 2, 16], [6, 2, 16]), ([6, 0, 16], [7, 0, 16]), ([3, 2, 16], [4, 2, 16]), ([1, 6, 16], [2, 6, 16]), ([6, 3, 16], [9, 3, 16]), ([2, 0, 16], [4, 0, 16]), ([0, 1, 17], [3, 1, 17]), ([6, 0, 17], [8, 0, 17]), ([0, 9, 17], [2, 9, 17]), ([3, 4, 17], [3, 4, 18])]
16 [([7, 4, 17], [7, 6, 17]), ([0, 6, 17], [0, 8, 17]), ([5, 8, 17], [5, 9, 17]), ([9, 2, 18], [9, 3, 18]), ([8, 0, 18], [8, 2, 18])]
17 [([3, 8, 18], [5, 8, 18]), ([6, 3, 18], [8, 3, 18]), ([4, 0, 18], [5, 0, 18]), ([5, 9, 19], [5, 9, 22]), ([3, 1, 19], [5, 1, 19]), ([3, 2, 19], [4, 2, 19]), ([0, 7, 19], [2, 7, 19])]
18 [([6, 5, 19], [6, 7, 19]), ([0, 1, 19], [0, 3, 19]), ([3, 4, 20], [3, 7, 20]), ([4, 2, 20], [4, 2, 21]), ([0, 6, 20], [0, 8, 20]), ([8, 0, 20], [8, 2, 20]), ([1, 0, 20], [1, 1, 20]), ([7, 2, 21], [7, 4, 21]), ([0, 1, 21], [0, 3, 21]), ([3, 2, 21], [3, 2, 24]), ([5, 9, 19], [5, 9, 22])]
19 [([4, 2, 20], [4, 2, 21]), ([3, 0, 21], [5, 0, 21]), ([7, 0, 21], [9, 0, 21]), ([0, 7, 22], [2, 7, 22]), ([1, 1, 22], [3, 1, 22]), ([3, 2, 21], [3, 2, 24])]
20 [([7, 3, 22], [7, 5, 22]), ([3, 4, 23], [3, 7, 23]), ([0, 1, 23], [0, 3, 23]), ([2, 1, 23], [2, 2, 23]), ([4, 0, 24], [4, 0, 25])]
21 [([8, 1, 23], [9, 1, 23]), ([1, 0, 23], [3, 0, 23]), ([5, 4, 24], [7, 4, 24]), ([8, 0, 24], [9, 0, 24]), ([4, 0, 24], [4, 0, 25])]
22 [([3, 5, 24], [3, 8, 24]), ([7, 2, 24], [7, 3, 24]), ([3, 0, 24], [3, 0, 24]), ([9, 1, 25], [9, 2, 25]), ([0, 5, 25], [0, 7, 25]), ([7, 5, 25], [7, 6, 25]), ([8, 1, 26], [8, 1, 28])]
23 [([3, 2, 25], [4, 2, 25]), ([0, 1, 25], [3, 1, 25]), ([4, 9, 25], [6, 9, 25]), ([4, 0, 26], [6, 0, 26]), ([4, 4, 26], [6, 4, 26]), ([6, 2, 26], [8, 2, 26]), ([8, 1, 26], [8, 1, 28])]
24 [([3, 7, 26], [3, 8, 26]), ([3, 1, 28], [3, 1, 29])]
25 [([1, 8, 27], [3, 8, 27]), ([5, 6, 27], [8, 6, 27]), ([5, 0, 28], [7, 0, 28]), ([7, 5, 28], [8, 5, 28]), ([6, 4, 28], [7, 4, 28]), ([0, 4, 29], [4, 4, 29]), ([6, 1, 29], [9, 1, 29]), ([7, 5, 29], [9, 5, 29]), ([3, 1, 28], [3, 1, 29]), ([5, 2, 29], [7, 2, 29])]
26 [([1, 2, 30], [1, 4, 30]), ([6, 5, 30], [6, 7, 30]), ([6, 4, 30], [6, 4, 32]), ([0, 3, 30], [0, 4, 30]), ([7, 5, 30], [7, 9, 30]), ([7, 2, 30], [7, 2, 33]), ([1, 4, 31], [1, 6, 31]), ([9, 5, 31], [9, 6, 31]), ([8, 3, 31], [8, 6, 31]), ([4, 3, 31], [4, 5, 31]), ([2, 4, 32], [2, 4, 34])]
27 [([7, 9, 31], [7, 9, 33]), ([4, 6, 31], [7, 6, 31]), ([4, 7, 32], [6, 7, 32]), ([6, 4, 30], [6, 4, 32]), ([8, 4, 32], [9, 4, 32]), ([7, 2, 30], [7, 2, 33]), ([2, 4, 32], [2, 4, 34])]
28 [([9, 0, 32], [9, 2, 32]), ([4, 4, 32], [4, 5, 32]), ([0, 1, 33], [0, 3, 33]), ([9, 4, 33], [9, 5, 33]), ([7, 9, 31], [7, 9, 33])]
29 [([1, 3, 33], [4, 3, 33]), ([8, 6, 33], [9, 6, 33]), ([2, 5, 34], [4, 5, 34]), ([6, 6, 34], [7, 6, 34]), ([9, 2, 35], [9, 2, 37])]
30 [([2, 0, 34], [2, 3, 34]), ([5, 5, 34], [5, 8, 34]), ([9, 6, 36], [9, 6, 36]), ([9, 2, 35], [9, 2, 37])]
31 [([6, 7, 35], [8, 7, 35]), ([5, 4, 35], [8, 4, 35]), ([2, 0, 36], [4, 0, 36]), ([6, 2, 36], [8, 2, 36]), ([4, 8, 36], [6, 8, 36])]
32 [([6, 5, 36], [6, 7, 36])]
33 [([4, 5, 37], [7, 5, 37]), ([1, 3, 37], [4, 3, 37]), ([2, 3, 38], [5, 3, 38])]
34 [([8, 0, 38], [8, 2, 38]), ([1, 3, 38], [1, 6, 38]), ([1, 2, 39], [1, 5, 39]), ([5, 6, 39], [5, 9, 39])]
35 [([6, 7, 39], [9, 7, 39]), ([2, 8, 39], [4, 8, 39]), ([4, 2, 39], [7, 2, 39]), ([6, 0, 40], [8, 0, 40])]
36 [([7, 6, 40], [7, 8, 40]), ([4, 3, 41], [4, 6, 41]), ([3, 7, 41], [3, 9, 41]), ([3, 2, 41], [3, 4, 41]), ([9, 7, 41], [9, 8, 41])]
37 [([5, 2, 41], [6, 2, 41]), ([1, 6, 41], [3, 6, 41]), ([5, 9, 42], [7, 9, 42]), ([2, 3, 42], [4, 3, 42]), ([8, 7, 42], [9, 7, 42])]
38 [([1, 1, 42], [1, 4, 42]), ([7, 1, 42], [7, 3, 42]), ([3, 4, 42], [3, 5, 42]), ([5, 5, 42], [5, 6, 42]), ([8, 5, 43], [8, 7, 43]), ([4, 5, 43], [4, 6, 43]), ([7, 6, 43], [7, 8, 43]), ([6, 1, 44], [6, 2, 44]), ([5, 1, 44], [5, 3, 44]), ([7, 3, 44], [7, 5, 44]), ([2, 3, 44], [2, 5, 44])]
39 [([4, 9, 44], [6, 9, 44]), ([1, 2, 44], [3, 2, 44]), ([5, 9, 45], [7, 9, 45]), ([0, 5, 45], [3, 5, 45])]
40 [([3, 1, 45], [3, 4, 45]), ([6, 0, 45], [6, 2, 45]), ([4, 4, 45], [4, 6, 45]), ([5, 4, 45], [5, 6, 45]), ([7, 2, 46], [7, 4, 46]), ([3, 1, 46], [3, 4, 46]), ([8, 7, 46], [8, 9, 46])]
41 [([6, 6, 46], [8, 6, 46]), ([0, 1, 47], [3, 1, 47]), ([6, 6, 47], [8, 6, 47])]
42 [([1, 2, 47], [1, 4, 47]), ([2, 5, 48], [2, 7, 48]), ([3, 5, 48], [3, 6, 48]), ([1, 5, 48], [1, 7, 48]), ([5, 4, 48], [5, 8, 48]), ([2, 6, 49], [2, 8, 49]), ([2, 1, 49], [2, 1, 53]), ([7, 3, 49], [7, 6, 49])]
43 [([2, 4, 49], [4, 4, 49]), ([2, 8, 50], [2, 8, 53]), ([3, 1, 50], [5, 1, 50]), ([1, 7, 50], [1, 7, 53]), ([3, 8, 50], [6, 8, 50]), ([1, 6, 51], [1, 6, 52]), ([5, 7, 51], [5, 7, 53]), ([2, 1, 49], [2, 1, 53])]
44 [([5, 3, 50], [5, 5, 50]), ([4, 8, 51], [4, 9, 51]), ([7, 0, 51], [7, 3, 51]), ([1, 6, 51], [1, 6, 52]), ([2, 8, 50], [2, 8, 53]), ([5, 7, 51], [5, 7, 53]), ([1, 7, 50], [1, 7, 53])]
45 [([2, 4, 51], [4, 4, 51]), ([6, 5, 51], [8, 5, 51]), ([4, 9, 52], [5, 9, 52]), ([4, 1, 52], [6, 1, 52]), ([5, 8, 52], [7, 8, 52]), ([7, 0, 53], [8, 0, 53])]
46 [([3, 7, 53], [3, 8, 53]), ([7, 3, 54], [7, 5, 54]), ([8, 4, 54], [8, 6, 54]), ([6, 1, 54], [6, 4, 54])]
47 [([8, 0, 54], [9, 0, 54]), ([0, 6, 55], [2, 6, 55]), ([5, 4, 55], [6, 4, 55]), ([4, 7, 56], [7, 7, 56])]
48 [([2, 0, 56], [2, 3, 56]), ([9, 0, 56], [9, 0, 57]), ([8, 6, 57], [8, 9, 57]), ([1, 5, 57], [1, 6, 57]), ([8, 2, 57], [8, 5, 57]), ([0, 6, 58], [0, 8, 58]), ([8, 1, 58], [8, 2, 58]), ([4, 5, 58], [4, 7, 58])]
49 [([9, 0, 56], [9, 0, 57]), ([0, 3, 59], [3, 3, 59]), ([7, 1, 59], [8, 1, 59]), ([2, 1, 59], [3, 1, 59]), ([6, 1, 60], [8, 1, 60]), ([7, 3, 60], [8, 3, 60]), ([8, 9, 60], [9, 9, 60]), ([1, 1, 60], [3, 1, 60])]
50 [([2, 3, 60], [2, 5, 60]), ([0, 1, 61], [0, 4, 61]), ([6, 1, 62], [6, 1, 65]), ([1, 3, 62], [1, 3, 64])]
51 [([3, 7, 61], [6, 7, 61]), ([1, 4, 61], [3, 4, 61]), ([7, 9, 62], [9, 9, 62]), ([1, 3, 62], [1, 3, 64]), ([6, 1, 62], [6, 1, 65])]
52 [([8, 3, 62], [8, 5, 62]), ([1, 4, 62], [1, 4, 63]), ([4, 5, 63], [4, 7, 63]), ([8, 5, 63], [8, 8, 63]), ([3, 4, 64], [3, 4, 67])]
53 [([8, 9, 63], [9, 9, 63]), ([1, 4, 62], [1, 4, 63]), ([6, 6, 64], [8, 6, 64]), ([8, 7, 65], [8, 7, 65]), ([3, 4, 64], [3, 4, 67])]
54 [([9, 7, 64], [9, 9, 64]), ([0, 1, 64], [0, 3, 64]), ([4, 2, 65], [4, 5, 65])]
55 [([2, 7, 65], [4, 7, 65])]
56 [([9, 8, 66], [9, 9, 66]), ([7, 4, 66], [7, 6, 66]), ([4, 5, 66], [4, 8, 66]), ([8, 2, 66], [8, 6, 66]), ([3, 7, 66], [3, 9, 66]), ([0, 0, 66], [0, 1, 66]), ([4, 0, 66], [4, 3, 66]), ([8, 8, 66], [8, 9, 66]), ([6, 6, 67], [6, 8, 67]), ([4, 0, 68], [4, 2, 68])]
57 [([8, 3, 67], [8, 3, 69]), ([6, 5, 68], [9, 5, 68]), ([5, 9, 68], [8, 9, 68]), ([2, 9, 68], [3, 9, 68]), ([2, 8, 69], [3, 8, 69]), ([1, 7, 69], [4, 7, 69]), ([5, 9, 69], [6, 9, 69]), ([3, 6, 69], [5, 6, 69])]
58 [([8, 3, 67], [8, 3, 69]), ([3, 3, 69], [3, 5, 69]), ([6, 4, 69], [6, 5, 69]), ([7, 4, 69], [7, 7, 69]), ([9, 3, 69], [9, 5, 69]), ([8, 2, 70], [8, 5, 70]), ([6, 6, 70], [6, 8, 70])]
59 [([1, 2, 70], [4, 2, 70]), ([3, 5, 70], [3, 5, 72]), ([1, 7, 70], [4, 7, 70]), ([8, 9, 70], [9, 9, 70]), ([4, 1, 70], [5, 1, 70]), ([5, 3, 71], [8, 3, 71]), ([1, 9, 71], [3, 9, 71]), ([8, 2, 73], [8, 2, 73])]
60 [([8, 6, 71], [8, 9, 71]), ([6, 1, 72], [6, 3, 72]), ([7, 2, 72], [7, 3, 72]), ([1, 1, 72], [1, 4, 72]), ([3, 5, 70], [3, 5, 72]), ([9, 8, 72], [9, 9, 72]), ([9, 5, 72], [9, 7, 72]), ([2, 9, 74], [2, 9, 76]), ([1, 9, 74], [1, 9, 76])]
61 [([5, 7, 72], [6, 7, 72]), ([7, 5, 72], [8, 5, 72]), ([4, 8, 72], [6, 8, 72]), ([8, 7, 72], [8, 7, 74]), ([5, 2, 73], [7, 2, 73]), ([8, 4, 73], [9, 4, 73]), ([2, 9, 74], [2, 9, 76]), ([1, 9, 74], [1, 9, 76])]
62 [([1, 6, 73], [1, 8, 73]), ([6, 3, 73], [6, 6, 73]), ([4, 0, 73], [4, 2, 73]), ([4, 8, 74], [4, 9, 74]), ([3, 3, 74], [3, 6, 74]), ([8, 7, 72], [8, 7, 74])]
63 [([6, 4, 74], [8, 4, 74]), ([8, 3, 74], [9, 3, 74]), ([3, 0, 75], [5, 0, 75]), ([5, 7, 75], [7, 7, 75]), ([3, 1, 75], [5, 1, 75]), ([0, 5, 75], [4, 5, 75])]
64 [([4, 7, 75], [4, 8, 75]), ([8, 6, 76], [8, 8, 76]), ([5, 7, 78], [5, 7, 80])]
65 [([2, 3, 76], [3, 3, 76]), ([2, 0, 76], [3, 0, 76]), ([0, 5, 76], [3, 5, 76]), ([4, 8, 77], [7, 8, 77]), ([2, 0, 77], [4, 0, 77]), ([5, 0, 77], [8, 0, 77]), ([5, 1, 77], [7, 1, 77]), ([5, 7, 78], [5, 7, 80])]
66 [([4, 4, 77], [4, 5, 77]), ([3, 5, 78], [3, 7, 78])]
67 [([1, 3, 78], [4, 3, 78]), ([6, 0, 78], [8, 0, 78]), ([5, 8, 78], [6, 8, 78]), ([4, 5, 79], [7, 5, 79]), ([4, 3, 79], [6, 3, 79])]
68 [([2, 3, 79], [2, 5, 79]), ([0, 5, 79], [0, 8, 79]), ([7, 6, 79], [7, 9, 79]), ([1, 2, 80], [1, 5, 80]), ([3, 4, 80], [3, 5, 80]), ([6, 0, 81], [6, 0, 84]), ([4, 3, 82], [4, 3, 85])]
69 [([1, 7, 80], [4, 7, 80]), ([2, 6, 81], [4, 6, 81]), ([6, 3, 81], [7, 3, 81]), ([6, 0, 81], [6, 0, 84]), ([4, 3, 82], [4, 3, 85])]
70 [([1, 6, 81], [1, 8, 81]), ([2, 1, 81], [2, 4, 81]), ([0, 6, 81], [0, 7, 81]), ([5, 3, 81], [5, 5, 81]), ([5, 1, 82], [5, 3, 82]), ([7, 8, 82], [7, 9, 82]), ([0, 2, 82], [0, 5, 82])]
71 [([4, 6, 82], [6, 6, 82]), ([1, 4, 82], [3, 4, 82]), ([5, 7, 83], [6, 7, 83]), ([5, 1, 84], [5, 1, 87]), ([0, 3, 85], [0, 3, 87])]
72 [([0, 6, 83], [0, 8, 83]), ([0, 0, 84], [0, 2, 84]), ([5, 3, 84], [5, 5, 84]), ([6, 7, 85], [6, 7, 86]), ([5, 1, 84], [5, 1, 87]), ([0, 3, 85], [0, 3, 87])]
73 [([1, 2, 84], [3, 2, 84]), ([3, 6, 85], [4, 6, 85]), ([6, 0, 85], [8, 0, 85]), ([6, 7, 85], [6, 7, 86])]
74 [([2, 1, 85], [2, 3, 85]), ([0, 6, 86], [0, 9, 86])]
75 [([3, 2, 86], [5, 2, 86]), ([0, 7, 87], [2, 7, 87]), ([2, 6, 87], [3, 6, 87]), ([5, 5, 87], [8, 5, 87])]
76 [([3, 1, 87], [3, 3, 87]), ([1, 1, 87], [1, 4, 87]), ([2, 6, 88], [2, 6, 90]), ([4, 5, 88], [4, 7, 88]), ([8, 0, 88], [8, 2, 88]), ([4, 1, 88], [4, 2, 88])]
77 [([1, 3, 88], [3, 3, 88]), ([0, 6, 88], [1, 6, 88]), ([0, 7, 88], [2, 7, 88]), ([0, 9, 88], [3, 9, 88]), ([2, 6, 88], [2, 6, 90])]
78 [([3, 2, 89], [3, 3, 89]), ([2, 1, 90], [2, 3, 90]), ([0, 6, 90], [0, 6, 91]), ([0, 0, 90], [0, 3, 90])]
79 [([8, 5, 90], [9, 5, 90]), ([0, 4, 90], [2, 4, 90]), ([4, 2, 91], [7, 2, 91]), ([0, 6, 90], [0, 6, 91]), ([2, 5, 91], [4, 5, 91]), ([1, 9, 91], [4, 9, 91]), ([2, 3, 91], [3, 3, 91])]
80 [([8, 2, 91], [8, 4, 91]), ([6, 0, 92], [6, 2, 92]), ([1, 2, 93], [1, 5, 93]), ([5, 2, 93], [5, 5, 93]), ([7, 1, 93], [7, 2, 93]), ([9, 4, 93], [9, 6, 93]), ([6, 0, 93], [6, 2, 93]), ([3, 5, 93], [3, 8, 93]), ([4, 9, 94], [4, 9, 96]), ([2, 5, 94], [2, 5, 96])]
81 [([3, 3, 93], [4, 3, 93]), ([0, 9, 94], [1, 9, 94]), ([8, 2, 94], [9, 2, 94]), ([2, 9, 94], [3, 9, 94]), ([1, 7, 94], [4, 7, 94]), ([0, 4, 95], [3, 4, 95]), ([5, 5, 95], [7, 5, 95]), ([3, 8, 95], [4, 8, 95]), ([4, 9, 94], [4, 9, 96]), ([2, 4, 96], [5, 4, 96]), ([2, 5, 94], [2, 5, 96])]
82 [([0, 4, 96], [0, 4, 98]), ([7, 2, 96], [7, 4, 96]), ([4, 4, 97], [4, 4, 99])]
83 [([4, 9, 97], [6, 9, 97]), ([5, 5, 97], [7, 5, 97]), ([1, 5, 97], [3, 5, 97]), ([4, 8, 98], [6, 8, 98]), ([0, 4, 96], [0, 4, 98]), ([6, 4, 98], [8, 4, 98]), ([5, 2, 98], [7, 2, 98]), ([6, 9, 98], [8, 9, 98]), ([4, 4, 97], [4, 4, 99])]
84 [([1, 0, 98], [1, 4, 98]), ([5, 9, 98], [5, 9, 99]), ([2, 5, 99], [2, 6, 99]), ([7, 4, 99], [7, 4, 100]), ([1, 3, 99], [1, 6, 99]), ([0, 4, 101], [0, 4, 102])]
85 [([4, 8, 99], [6, 8, 99]), ([5, 9, 98], [5, 9, 99]), ([7, 4, 99], [7, 4, 100]), ([0, 4, 101], [0, 4, 102])]
86 [([8, 8, 100], [8, 9, 100]), ([2, 5, 100], [2, 7, 100]), ([2, 6, 101], [2, 8, 101])]
87 [([1, 1, 101], [2, 1, 101]), ([1, 5, 101], [4, 5, 101]), ([7, 2, 101], [9, 2, 101]), ([2, 6, 102], [4, 6, 102])]
88 [([8, 2, 102], [8, 4, 102]), ([4, 5, 102], [4, 5, 104]), ([5, 6, 102], [5, 9, 102]), ([2, 0, 103], [2, 2, 103]), ([7, 3, 103], [7, 6, 103])]
89 [([7, 9, 103], [9, 9, 103]), ([2, 8, 104], [4, 8, 104]), ([4, 5, 102], [4, 5, 104]), ([4, 2, 104], [7, 2, 104])]
90 [([7, 3, 104], [7, 5, 104]), ([1, 1, 104], [1, 2, 104]), ([5, 7, 104], [5, 8, 104]), ([9, 9, 104], [9, 9, 105]), ([0, 3, 105], [0, 4, 105]), ([4, 0, 105], [4, 3, 105])]
91 [([5, 5, 105], [9, 5, 105]), ([4, 6, 105], [6, 6, 105]), ([9, 9, 104], [9, 9, 105]), ([4, 1, 106], [4, 1, 108]), ([1, 0, 106], [2, 0, 106]), ([5, 5, 107], [7, 5, 107])]
92 [([0, 4, 107], [0, 5, 107]), ([5, 2, 107], [5, 3, 107]), ([9, 4, 107], [9, 7, 107]), ([2, 0, 107], [2, 4, 107]), ([7, 4, 108], [7, 8, 108]), ([4, 1, 106], [4, 1, 108])]
93 [([8, 9, 108], [9, 9, 108]), ([0, 1, 108], [2, 1, 108]), ([8, 9, 109], [9, 9, 109]), ([0, 5, 110], [0, 5, 112])]
94 [([2, 3, 109], [2, 7, 109]), ([9, 4, 110], [9, 6, 110]), ([0, 5, 110], [0, 5, 112])]
95 [([4, 5, 110], [5, 5, 110]), ([0, 7, 110], [2, 7, 110]), ([5, 2, 110], [7, 2, 110]), ([6, 8, 111], [9, 8, 111])]
96 [([4, 5, 111], [4, 6, 111]), ([1, 7, 111], [1, 9, 111]), ([1, 0, 111], [1, 3, 111]), ([6, 1, 112], [6, 3, 112]), ([8, 8, 112], [8, 8, 115])]
97 [([1, 4, 112], [3, 4, 112]), ([0, 8, 113], [1, 8, 113]), ([6, 1, 113], [8, 1, 113]), ([1, 2, 113], [3, 2, 113]), ([4, 5, 113], [5, 5, 113]), ([7, 2, 113], [9, 2, 113]), ([8, 8, 112], [8, 8, 115])]
98 [([2, 7, 113], [2, 9, 113]), ([1, 4, 113], [1, 7, 113]), ([7, 6, 113], [7, 8, 113]), ([0, 8, 114], [0, 8, 116]), ([2, 3, 114], [2, 6, 114])]
99 [([3, 4, 114], [7, 4, 114]), ([2, 3, 115], [2, 3, 118]), ([4, 4, 115], [5, 4, 115]), ([5, 7, 115], [9, 7, 115]), ([0, 8, 114], [0, 8, 116])]
100 [([7, 0, 115], [7, 2, 115]), ([6, 1, 115], [6, 3, 115]), ([7, 4, 115], [7, 5, 115]), ([9, 1, 116], [9, 3, 116]), ([2, 6, 116], [2, 7, 116]), ([9, 5, 116], [9, 8, 116]), ([5, 7, 117], [5, 7, 119]), ([2, 3, 115], [2, 3, 118]), ([0, 8, 118], [0, 8, 120])]
101 [([3, 2, 116], [5, 2, 116]), ([7, 6, 116], [8, 6, 116]), ([5, 0, 116], [7, 0, 116]), ([5, 7, 117], [5, 7, 119]), ([0, 8, 118], [0, 8, 120])]
102 [([3, 2, 118], [3, 4, 118]), ([7, 4, 119], [7, 7, 119]), ([9, 2, 119], [9, 3, 119]), ([2, 7, 119], [2, 9, 119])]
103 [([7, 1, 119], [9, 1, 119]), ([1, 4, 119], [4, 4, 119]), ([0, 9, 120], [2, 9, 120])]
104 [([8, 0, 120], [8, 3, 120]), ([3, 4, 120], [3, 6, 120]), ([4, 2, 120], [4, 4, 120]), ([2, 4, 121], [2, 6, 121]), ([7, 1, 121], [7, 2, 121]), ([9, 3, 121], [9, 6, 121])]
105 [([2, 9, 121], [3, 9, 121]), ([1, 8, 121], [4, 8, 121]), ([2, 2, 121], [4, 2, 121]), ([5, 4, 121], [7, 4, 121]), ([3, 5, 122], [5, 5, 122]), ([0, 6, 122], [2, 6, 122])]
106 [([2, 9, 122], [2, 9, 124]), ([9, 3, 122], [9, 4, 122]), ([6, 4, 122], [6, 6, 122]), ([7, 7, 122], [7, 8, 122]), ([2, 0, 122], [2, 2, 122]), ([1, 3, 122], [1, 4, 122]), ([9, 5, 123], [9, 7, 123]), ([3, 0, 123], [3, 2, 123]), ([7, 6, 123], [7, 8, 123]), ([2, 7, 124], [2, 8, 124]), ([1, 5, 124], [1, 8, 124]), ([9, 2, 124], [9, 4, 124]), ([7, 1, 124], [7, 2, 124])]
107 [([8, 6, 124], [9, 6, 124]), ([2, 0, 124], [4, 0, 124]), ([2, 9, 122], [2, 9, 124]), ([4, 6, 125], [6, 6, 125]), ([3, 2, 125], [4, 2, 125]), ([5, 8, 125], [8, 8, 125])]
108 [([2, 5, 125], [2, 7, 125]), ([1, 5, 125], [1, 7, 125]), ([2, 1, 125], [2, 4, 125]), ([1, 7, 126], [1, 9, 126])]
109 [([7, 3, 126], [9, 3, 126]), ([3, 6, 126], [4, 6, 126]), ([4, 2, 126], [6, 2, 126]), ([6, 8, 126], [8, 8, 126]), ([0, 6, 127], [2, 6, 127]), ([1, 8, 127], [2, 8, 127]), ([8, 3, 127], [9, 3, 127])]
110 [([9, 5, 127], [9, 8, 127]), ([8, 6, 127], [8, 8, 127]), ([8, 0, 128], [8, 3, 128]), ([6, 4, 128], [6, 6, 128]), ([5, 8, 128], [5, 9, 128])]
111 [([0, 3, 128], [4, 3, 128]), ([6, 4, 129], [8, 4, 129]), ([9, 6, 129], [9, 6, 132]), ([3, 3, 129], [6, 3, 129]), ([8, 7, 130], [8, 7, 131]), ([9, 7, 130], [9, 7, 132]), ([9, 8, 130], [9, 8, 130])]
112 [([0, 1, 129], [0, 3, 129]), ([9, 3, 129], [9, 4, 129]), ([5, 7, 129], [5, 9, 129]), ([6, 6, 130], [6, 7, 130]), ([3, 2, 130], [3, 5, 130]), ([9, 2, 130], [9, 4, 130]), ([8, 7, 130], [8, 7, 131]), ([9, 7, 130], [9, 7, 132]), ([9, 6, 129], [9, 6, 132])]
113 [([5, 5, 130], [6, 5, 130]), ([5, 4, 131], [7, 4, 131]), ([3, 8, 131], [6, 8, 131]), ([0, 3, 131], [2, 3, 131])]
114 [([8, 1, 131], [8, 4, 131]), ([3, 3, 132], [3, 6, 132]), ([0, 1, 132], [0, 4, 132]), ([3, 2, 133], [3, 3, 133]), ([0, 1, 133], [0, 2, 133])]
115 [([3, 7, 133], [6, 7, 133]), ([1, 3, 133], [2, 3, 133]), ([5, 5, 133], [8, 5, 133]), ([2, 7, 134], [5, 7, 134]), ([3, 3, 135], [3, 3, 136])]
116 [([0, 3, 134], [0, 4, 134]), ([6, 3, 135], [6, 5, 135]), ([3, 3, 135], [3, 3, 136])]
117 [([2, 2, 135], [4, 2, 135]), ([6, 5, 136], [6, 5, 137]), ([2, 5, 136], [5, 5, 136])]
118 [([5, 6, 136], [5, 8, 136]), ([6, 5, 136], [6, 5, 137]), ([6, 0, 137], [6, 3, 137])]
119 [([5, 6, 138], [8, 6, 138]), ([3, 7, 138], [5, 7, 138]), ([2, 2, 138], [5, 2, 138]), ([3, 0, 139], [6, 0, 139]), ([6, 5, 139], [9, 5, 139])]
120 [([3, 3, 139], [3, 5, 139]), ([7, 6, 139], [7, 9, 139]), ([4, 5, 140], [4, 7, 140]), ([6, 5, 140], [6, 6, 140])]
121 [([6, 1, 140], [8, 1, 140]), ([4, 3, 140], [6, 3, 140]), ([0, 2, 141], [3, 2, 141]), ([7, 8, 141], [7, 8, 141]), ([6, 3, 141], [7, 3, 141]), ([4, 6, 143], [4, 6, 146])]
122 [([3, 6, 141], [3, 8, 141]), ([8, 5, 142], [8, 7, 142]), ([6, 4, 142], [6, 7, 142]), ([8, 0, 142], [8, 2, 142]), ([4, 6, 143], [4, 6, 146])]
123 [([1, 4, 142], [4, 4, 142]), ([5, 3, 143], [6, 3, 143]), ([6, 0, 143], [9, 0, 143]), ([0, 7, 143], [3, 7, 143]), ([8, 5, 144], [8, 5, 147])]
124 [([7, 3, 143], [7, 4, 143]), ([4, 4, 144], [4, 5, 144]), ([2, 0, 144], [2, 3, 144]), ([8, 5, 144], [8, 5, 147])]
125 [([6, 3, 144], [7, 3, 144]), ([1, 8, 144], [3, 8, 144]), ([1, 2, 145], [3, 2, 145]), ([7, 4, 145], [8, 4, 145])]
126 [([6, 6, 145], [6, 7, 145]), ([7, 0, 146], [7, 2, 146]), ([5, 3, 146], [5, 6, 146])]
127 [([1, 2, 146], [3, 2, 146]), ([2, 3, 147], [3, 3, 147]), ([0, 0, 147], [2, 0, 147]), ([7, 1, 147], [9, 1, 147]), ([5, 4, 149], [5, 4, 151])]
128 [([6, 4, 147], [6, 7, 147]), ([1, 2, 147], [1, 5, 147]), ([5, 4, 149], [5, 4, 151])]
129 [([0, 0, 148], [1, 0, 148]), ([2, 2, 149], [5, 2, 149]), ([4, 3, 149], [7, 3, 149]), ([6, 5, 149], [7, 5, 149])]
130 [([9, 0, 149], [9, 1, 149]), ([5, 6, 149], [5, 9, 149]), ([1, 3, 149], [1, 5, 149]), ([3, 1, 150], [3, 3, 150]), ([7, 4, 150], [7, 7, 150]), ([9, 0, 150], [9, 2, 150])]
131 [([5, 3, 150], [7, 3, 150]), ([2, 0, 150], [4, 0, 150]), ([4, 9, 150], [6, 9, 150]), ([5, 8, 151], [7, 8, 151]), ([0, 0, 151], [2, 0, 151]), ([1, 4, 151], [1, 4, 151]), ([6, 7, 151], [8, 7, 151]), ([5, 9, 151], [9, 9, 151])]
132 [([6, 2, 151], [6, 3, 151]), ([4, 2, 152], [4, 5, 152])]
133 [([7, 8, 152], [8, 8, 152]), ([1, 5, 152], [3, 5, 152]), ([3, 0, 153], [4, 0, 153]), ([0, 0, 153], [1, 0, 153]), ([2, 5, 153], [4, 5, 153])]
134 [([4, 8, 153], [4, 9, 153]), ([2, 0, 154], [2, 2, 154]), ([5, 4, 154], [5, 6, 154])]
135 [([7, 9, 154], [9, 9, 154]), ([2, 1, 155], [4, 1, 155]), ([4, 2, 155], [6, 2, 155]), ([1, 5, 155], [4, 5, 155]), ([4, 8, 155], [6, 8, 155]), ([4, 6, 155], [7, 6, 155]), ([0, 2, 155], [3, 2, 155]), ([4, 6, 156], [5, 6, 156])]
136 [([5, 7, 156], [5, 9, 156]), ([5, 3, 156], [5, 4, 156])]
137 [([2, 0, 157], [5, 0, 157]), ([3, 9, 157], [5, 9, 157]), ([2, 6, 157], [5, 6, 157]), ([0, 5, 158], [2, 5, 158])]
138 [([5, 6, 158], [5, 9, 158]), ([6, 6, 158], [6, 7, 158]), ([5, 0, 159], [5, 2, 159]), ([5, 7, 159], [5, 8, 159])]
139 [([4, 3, 159], [8, 3, 159])]
140 [([7, 3, 160], [7, 4, 160]), ([6, 3, 160], [6, 5, 160]), ([5, 3, 161], [5, 4, 161]), ([6, 1, 161], [6, 3, 161])]
141 [([1, 3, 161], [4, 3, 161]), ([5, 9, 161], [8, 9, 161]), ([6, 6, 161], [8, 6, 161]), ([4, 7, 162], [7, 7, 162])]
142 [([4, 1, 162], [4, 4, 162]), ([6, 4, 162], [6, 5, 162]), ([7, 0, 162], [7, 3, 162]), ([5, 0, 162], [5, 3, 162]), ([3, 2, 162], [3, 5, 162])]
143 [([7, 0, 163], [7, 0, 164]), ([2, 0, 163], [6, 0, 163]), ([4, 1, 164], [4, 1, 166]), ([7, 6, 164], [9, 6, 164]), ([7, 9, 164], [8, 9, 164]), ([6, 4, 164], [9, 4, 164])]
144 [([7, 0, 163], [7, 0, 164]), ([1, 2, 164], [1, 4, 164]), ([3, 3, 165], [3, 5, 165]), ([5, 6, 165], [5, 8, 165]), ([7, 9, 165], [7, 9, 167]), ([9, 6, 165], [9, 8, 165]), ([4, 1, 164], [4, 1, 166])]
145 [([6, 5, 165], [8, 5, 165]), ([9, 6, 166], [9, 6, 169]), ([7, 0, 166], [9, 0, 166]), ([7, 9, 165], [7, 9, 167])]
146 [([6, 1, 166], [6, 4, 166]), ([9, 7, 167], [9, 8, 167]), ([9, 6, 166], [9, 6, 169])]
147 [([0, 2, 167], [3, 2, 167]), ([0, 5, 168], [3, 5, 168]), ([2, 2, 168], [3, 2, 168])]
148 [([7, 4, 168], [7, 6, 168]), ([1, 1, 169], [1, 3, 169]), ([2, 5, 171], [2, 5, 173])]
149 [([7, 9, 169], [9, 9, 169]), ([7, 5, 169], [9, 5, 169]), ([4, 3, 169], [7, 3, 169]), ([6, 6, 170], [8, 6, 170]), ([3, 3, 170], [6, 3, 170]), ([1, 2, 172], [1, 2, 174]), ([2, 5, 171], [2, 5, 173])]
150 [([1, 4, 170], [1, 6, 170]), ([0, 0, 170], [0, 3, 170]), ([9, 6, 171], [9, 8, 171]), ([3, 5, 171], [3, 8, 171]), ([8, 6, 171], [8, 8, 171]), ([1, 2, 172], [1, 2, 174])]
151 [([7, 4, 171], [8, 4, 171]), ([0, 0, 171], [2, 0, 171]), ([3, 2, 171], [4, 2, 171]), ([0, 6, 172], [1, 6, 172]), ([3, 2, 172], [4, 2, 172]), ([2, 8, 172], [4, 8, 172]), ([3, 3, 173], [4, 3, 173]), ([6, 6, 173], [7, 6, 173]), ([0, 1, 173], [0, 1, 173])]
152 [([8, 3, 173], [8, 4, 173]), ([1, 6, 173], [1, 9, 173]), ([0, 3, 173], [0, 5, 173]), ([6, 6, 174], [6, 6, 174]), ([8, 4, 174], [8, 7, 174])]
153 [([0, 7, 174], [2, 7, 174]), ([4, 2, 174], [7, 2, 174]), ([7, 3, 174], [9, 3, 174]), ([0, 1, 175], [2, 1, 175]), ([2, 7, 175], [3, 7, 175])]
154 [([8, 4, 175], [8, 6, 175]), ([9, 3, 175], [9, 5, 175]), ([1, 4, 176], [1, 8, 176]), ([3, 0, 176], [3, 3, 176]), ([2, 3, 176], [2, 5, 176]), ([7, 5, 176], [7, 8, 176])]
155 [([3, 7, 176], [5, 7, 176]), ([1, 0, 177], [4, 0, 177]), ([3, 1, 177], [4, 1, 177])]
156 [([6, 5, 177], [6, 7, 177]), ([1, 5, 177], [1, 7, 177]), ([9, 4, 177], [9, 7, 177]), ([7, 1, 177], [7, 4, 177]), ([5, 7, 178], [5, 8, 178]), ([4, 5, 178], [4, 9, 178])]
157 [([0, 8, 178], [2, 8, 178]), ([4, 0, 179], [6, 0, 179])]
158 [([3, 1, 179], [3, 2, 179]), ([2, 4, 179], [2, 6, 179]), ([9, 4, 179], [9, 6, 179]), ([7, 4, 179], [7, 6, 179]), ([1, 4, 179], [1, 6, 179]), ([4, 1, 179], [4, 4, 179]), ([7, 2, 180], [7, 4, 180]), ([7, 6, 180], [7, 7, 180])]
159 [([1, 7, 180], [4, 7, 180]), ([2, 8, 180], [3, 8, 180]), ([4, 4, 181], [4, 4, 183]), ([1, 6, 181], [3, 6, 181]), ([7, 7, 181], [7, 7, 185]), ([9, 5, 181], [9, 5, 182])]
160 [([1, 2, 181], [1, 5, 181]), ([6, 0, 181], [6, 2, 181]), ([9, 5, 181], [9, 5, 182]), ([4, 4, 181], [4, 4, 183]), ([7, 7, 181], [7, 7, 185])]
161 [([6, 3, 182], [9, 3, 182]), ([0, 7, 182], [3, 7, 182]), ([2, 8, 183], [3, 8, 183])]
162 [([0, 6, 183], [0, 8, 183]), ([6, 3, 183], [6, 6, 183]), ([9, 4, 183], [9, 6, 183]), ([1, 0, 184], [1, 3, 184])]
163 [([0, 5, 184], [3, 5, 184]), ([6, 3, 185], [6, 3, 188])]
164 [([1, 7, 185], [1, 9, 185]), ([7, 5, 186], [7, 8, 186]), ([0, 7, 186], [0, 9, 186]), ([6, 3, 185], [6, 3, 188])]
165 [([4, 4, 186], [6, 4, 186]), ([1, 0, 187], [5, 0, 187]), ([7, 5, 187], [9, 5, 187])]
166 [([0, 2, 187], [0, 5, 187]), ([1, 6, 187], [1, 9, 187]), ([3, 3, 187], [3, 5, 187]), ([5, 4, 187], [5, 4, 189]), ([1, 6, 188], [1, 8, 188])]
167 [([5, 8, 188], [7, 8, 188]), ([2, 5, 188], [4, 5, 188]), ([2, 4, 189], [3, 4, 189]), ([4, 6, 189], [7, 6, 189]), ([0, 6, 189], [3, 6, 189]), ([5, 5, 189], [7, 5, 189]), ([5, 4, 187], [5, 4, 189]), ([0, 2, 190], [0, 2, 192])]
168 [([0, 8, 189], [0, 9, 189]), ([9, 5, 189], [9, 7, 189]), ([5, 0, 189], [5, 2, 189]), ([7, 7, 189], [7, 8, 189]), ([3, 0, 190], [3, 3, 190]), ([0, 3, 190], [0, 5, 190]), ([0, 2, 190], [0, 2, 192])]
169 [([4, 3, 190], [6, 3, 190]), ([9, 5, 191], [9, 5, 193])]
170 [([5, 7, 191], [5, 9, 191]), ([1, 4, 191], [1, 6, 191]), ([9, 5, 191], [9, 5, 193])]
171 [([4, 2, 192], [7, 2, 192]), ([0, 6, 192], [3, 6, 192]), ([4, 7, 192], [6, 7, 192]), ([8, 7, 192], [9, 7, 192]), ([7, 8, 192], [8, 8, 192]), ([4, 1, 192], [7, 1, 192]), ([5, 3, 193], [7, 3, 193]), ([1, 5, 193], [1, 5, 195]), ([1, 3, 193], [4, 3, 193]), ([7, 8, 193], [9, 8, 193])]
172 [([0, 1, 193], [0, 4, 193]), ([6, 7, 194], [6, 9, 194]), ([0, 0, 194], [0, 1, 194]), ([2, 3, 194], [2, 5, 194]), ([1, 5, 193], [1, 5, 195])]
173 [([7, 1, 194], [8, 1, 194]), ([7, 2, 195], [9, 2, 195]), ([4, 7, 195], [6, 7, 195]), ([5, 9, 195], [6, 9, 195]), ([2, 2, 195], [4, 2, 195])]
174 [([6, 0, 195], [6, 2, 195]), ([7, 6, 196], [7, 8, 196]), ([0, 4, 196], [0, 6, 196]), ([4, 5, 196], [4, 7, 196]), ([2, 0, 196], [2, 2, 196]), ([8, 1, 197], [8, 1, 199])]
175 [([5, 7, 196], [6, 7, 196]), ([3, 9, 197], [6, 9, 197]), ([8, 1, 197], [8, 1, 199])]
176 [([4, 5, 197], [4, 6, 197]), ([6, 1, 197], [6, 3, 197]), ([9, 1, 198], [9, 3, 198]), ([3, 1, 198], [3, 3, 198])]
177 [([4, 5, 198], [5, 5, 198]), ([0, 6, 198], [2, 6, 198]), ([2, 7, 199], [4, 7, 199]), ([3, 2, 199], [5, 2, 199]), ([7, 6, 199], [9, 6, 199]), ([0, 9, 199], [3, 9, 199])]
178 [([2, 0, 199], [2, 1, 199]), ([3, 3, 199], [3, 5, 199]), ([0, 4, 199], [0, 7, 199]), ([6, 7, 200], [6, 9, 200]), ([2, 1, 200], [2, 3, 200])]
179 [([4, 6, 200], [6, 6, 200]), ([4, 3, 200], [6, 3, 200]), ([7, 3, 200], [9, 3, 200]), ([5, 3, 201], [6, 3, 201]), ([0, 5, 202], [0, 5, 204])]
180 [([2, 2, 201], [2, 4, 201]), ([0, 6, 201], [0, 7, 201]), ([9, 6, 202], [9, 8, 202]), ([5, 3, 202], [5, 3, 204]), ([7, 3, 202], [7, 6, 202]), ([0, 5, 202], [0, 5, 204])]
181 [([4, 8, 202], [7, 8, 202]), ([1, 7, 202], [3, 7, 202]), ([5, 3, 202], [5, 3, 204])]
182 [([9, 0, 203], [9, 3, 203]), ([4, 1, 203], [4, 3, 203]), ([6, 0, 203], [6, 3, 203]), ([2, 3, 204], [2, 5, 204]), ([9, 0, 204], [9, 1, 204])]
183 [([2, 8, 204], [4, 8, 204]), ([1, 7, 205], [3, 7, 205]), ([7, 3, 205], [8, 3, 205]), ([7, 7, 205], [9, 7, 205])]
184 [([7, 8, 205], [7, 9, 205]), ([9, 2, 206], [9, 4, 206]), ([9, 5, 206], [9, 9, 206]), ([4, 0, 206], [4, 2, 206])]
185 [([2, 3, 206], [4, 3, 206]), ([2, 8, 207], [3, 8, 207]), ([1, 7, 207], [3, 7, 207]), ([4, 0, 207], [6, 0, 207]), ([9, 2, 209], [9, 2, 212])]
186 [([7, 2, 207], [7, 5, 207]), ([7, 8, 208], [7, 9, 208]), ([7, 6, 208], [7, 7, 208]), ([3, 2, 208], [3, 4, 208]), ([9, 2, 209], [9, 2, 212])]
187 [([4, 5, 208], [7, 5, 208]), ([8, 4, 208], [9, 4, 208]), ([1, 7, 208], [4, 7, 208]), ([0, 3, 208], [2, 3, 208]), ([1, 8, 208], [2, 8, 208]), ([6, 8, 209], [8, 8, 209]), ([3, 2, 209], [3, 2, 211]), ([5, 9, 209], [7, 9, 209]), ([0, 8, 209], [1, 8, 209]), ([3, 3, 209], [5, 3, 209]), ([9, 2, 213], [9, 2, 215])]
188 [([9, 5, 209], [9, 7, 209]), ([7, 5, 209], [7, 5, 210]), ([0, 2, 209], [0, 4, 209]), ([2, 2, 209], [2, 4, 209]), ([0, 3, 210], [0, 4, 210]), ([9, 5, 210], [9, 8, 210]), ([7, 1, 210], [7, 3, 210]), ([3, 2, 209], [3, 2, 211]), ([9, 2, 213], [9, 2, 215])]
189 [([0, 7, 210], [1, 7, 210]), ([7, 5, 209], [7, 5, 210]), ([4, 9, 210], [7, 9, 210]), ([1, 0, 210], [4, 0, 210]), ([0, 8, 211], [2, 8, 211]), ([7, 9, 211], [9, 9, 211])]
190 [([7, 6, 211], [7, 7, 211]), ([9, 3, 211], [9, 4, 211]), ([3, 3, 212], [3, 5, 212]), ([0, 2, 212], [0, 3, 212]), ([0, 8, 213], [0, 8, 215]), ([8, 9, 213], [8, 9, 215])]
191 [([6, 1, 212], [8, 1, 212]), ([3, 0, 212], [5, 0, 212]), ([6, 8, 212], [8, 8, 212]), ([0, 8, 213], [0, 8, 215]), ([8, 9, 213], [8, 9, 215])]
192 [([7, 8, 213], [7, 8, 216]), ([7, 2, 213], [7, 4, 213]), ([7, 2, 214], [7, 4, 214]), ([6, 8, 214], [6, 8, 214]), ([3, 4, 214], [3, 7, 214]), ([8, 7, 214], [8, 8, 214]), ([7, 2, 215], [7, 4, 215])]
193 [([8, 8, 215], [8, 8, 217]), ([2, 4, 215], [5, 4, 215]), ([1, 3, 215], [3, 3, 215]), ([4, 8, 215], [6, 8, 215]), ([3, 1, 215], [6, 1, 215]), ([7, 8, 213], [7, 8, 216])]
194 [([0, 7, 216], [0, 8, 216]), ([8, 8, 215], [8, 8, 217])]
195 [([2, 1, 217], [4, 1, 217]), ([3, 5, 217], [5, 5, 217]), ([6, 4, 218], [8, 4, 218]), ([0, 7, 218], [0, 7, 220]), ([7, 9, 218], [9, 9, 218])]
196 [([5, 6, 218], [5, 8, 218]), ([2, 4, 218], [2, 7, 218]), ([7, 0, 218], [7, 3, 218]), ([5, 5, 220], [5, 5, 220]), ([0, 7, 218], [0, 7, 220])]
197 [([1, 1, 219], [4, 1, 219]), ([3, 7, 219], [6, 7, 219]), ([2, 7, 219], [2, 7, 221]), ([0, 1, 220], [2, 1, 220]), ([1, 6, 220], [2, 6, 220]), ([0, 6, 221], [3, 6, 221]), ([2, 4, 221], [5, 4, 221]), ([5, 5, 222], [5, 5, 223])]
198 [([5, 7, 221], [5, 9, 221]), ([2, 7, 219], [2, 7, 221]), ([4, 6, 221], [4, 8, 221]), ([7, 0, 221], [7, 3, 221]), ([3, 7, 222], [3, 9, 222]), ([1, 1, 222], [1, 3, 222]), ([5, 5, 222], [5, 5, 223]), ([1, 6, 224], [1, 6, 224])]
199 [([5, 2, 222], [7, 2, 222]), ([6, 1, 222], [8, 1, 222]), ([3, 9, 223], [3, 9, 225])]
200 [([7, 2, 223], [7, 2, 226]), ([3, 5, 223], [3, 7, 223]), ([2, 7, 223], [2, 8, 223]), ([6, 1, 224], [6, 1, 227]), ([8, 1, 224], [8, 4, 224]), ([7, 1, 225], [7, 1, 228]), ([3, 9, 223], [3, 9, 225])]
201 [([4, 2, 224], [5, 2, 224]), ([5, 3, 224], [7, 3, 224]), ([0, 1, 225], [3, 1, 225]), ([7, 2, 223], [7, 2, 226]), ([6, 1, 224], [6, 1, 227]), ([7, 1, 225], [7, 1, 228])]
202 [([8, 4, 225], [8, 6, 225]), ([4, 0, 225], [4, 3, 225]), ([6, 3, 226], [6, 4, 226]), ([1, 5, 226], [1, 7, 226]), ([0, 1, 226], [0, 1, 229]), ([8, 3, 226], [8, 6, 226]), ([7, 1, 231], [7, 1, 233])]
203 [([8, 1, 226], [9, 1, 226]), ([6, 3, 227], [7, 3, 227]), ([5, 2, 227], [6, 2, 227]), ([1, 9, 227], [4, 9, 227]), ([0, 1, 226], [0, 1, 229]), ([7, 1, 231], [7, 1, 233])]
204 [([1, 0, 227], [1, 2, 227]), ([8, 4, 227], [8, 7, 227]), ([4, 2, 227], [4, 4, 227]), ([1, 1, 228], [1, 3, 228])]
205 [([8, 7, 228], [8, 7, 229]), ([2, 0, 228], [4, 0, 228]), ([0, 7, 229], [2, 7, 229])]
206 [([1, 0, 229], [1, 1, 229]), ([8, 7, 228], [8, 7, 229]), ([2, 0, 229], [2, 1, 229]), ([6, 4, 229], [6, 7, 229]), ([3, 7, 230], [3, 9, 230])]
207 [([6, 4, 230], [7, 4, 230]), ([7, 4, 231], [9, 4, 231])]
208 [([8, 5, 231], [8, 8, 231]), ([1, 0, 231], [1, 2, 231]), ([2, 1, 232], [2, 4, 232]), ([6, 6, 232], [6, 8, 232]), ([6, 4, 232], [6, 4, 233]), ([3, 8, 232], [3, 9, 232])]
209 [([7, 4, 232], [9, 4, 232]), ([1, 4, 233], [3, 4, 233]), ([7, 6, 233], [9, 6, 233]), ([6, 4, 232], [6, 4, 233])]
210 [([8, 8, 233], [8, 9, 233]), ([9, 4, 233], [9, 4, 236]), ([6, 6, 233], [6, 7, 233]), ([7, 4, 234], [7, 6, 234]), ([7, 0, 234], [7, 1, 234])]
211 [([8, 7, 234], [9, 7, 234]), ([5, 8, 234], [6, 8, 234]), ([7, 1, 235], [9, 1, 235]), ([9, 4, 233], [9, 4, 236])]
212 [([2, 2, 235], [2, 5, 235]), ([6, 3, 235], [6, 6, 235]), ([6, 5, 236], [6, 7, 236])]
213 [([4, 8, 236], [6, 8, 236]), ([4, 0, 237], [7, 0, 237])]
214 [([4, 6, 237], [4, 8, 237]), ([9, 5, 237], [9, 7, 237]), ([5, 7, 237], [5, 9, 237]), ([2, 2, 237], [2, 4, 237]), ([9, 6, 238], [9, 8, 238])]
215 [([6, 1, 238], [8, 1, 238]), ([6, 3, 238], [8, 3, 238]), ([3, 7, 238], [5, 7, 238]), ([6, 5, 238], [7, 5, 238]), ([5, 0, 239], [6, 0, 239]), ([8, 1, 240], [9, 1, 240]), ([4, 8, 240], [4, 8, 242]), ([0, 4, 240], [2, 4, 240]), ([3, 3, 240], [6, 3, 240])]
216 [([8, 3, 239], [8, 3, 241]), ([2, 0, 240], [2, 2, 240]), ([4, 5, 240], [4, 6, 240]), ([6, 4, 240], [6, 6, 240]), ([7, 4, 240], [7, 7, 240]), ([6, 5, 241], [6, 6, 241]), ([6, 1, 241], [6, 1, 244]), ([4, 2, 241], [4, 4, 241]), ([3, 3, 241], [3, 3, 243]), ([4, 8, 240], [4, 8, 242])]
217 [([8, 3, 239], [8, 3, 241]), ([3, 7, 241], [6, 7, 241]), ([6, 0, 242], [7, 0, 242]), ([4, 2, 243], [4, 2, 243]), ([3, 3, 241], [3, 3, 243]), ([6, 1, 241], [6, 1, 244])]
218 [([9, 1, 242], [9, 5, 242]), ([5, 1, 242], [5, 3, 242]), ([8, 3, 242], [8, 3, 243]), ([0, 3, 242], [0, 5, 242]), ([7, 6, 242], [7, 7, 242]), ([5, 6, 243], [5, 8, 243]), ([3, 7, 244], [3, 7, 247])]
219 [([6, 3, 243], [7, 3, 243]), ([8, 3, 242], [8, 3, 243]), ([7, 1, 243], [8, 1, 243]), ([3, 4, 243], [5, 4, 243]), ([0, 5, 244], [3, 5, 244]), ([4, 0, 244], [7, 0, 244]), ([5, 5, 244], [6, 5, 244]), ([3, 1, 244], [5, 1, 244]), ([1, 3, 244], [3, 3, 244]), ([0, 8, 244], [4, 8, 244]), ([3, 7, 244], [3, 7, 247])]
220 [([3, 4, 244], [3, 4, 247]), ([5, 7, 244], [5, 9, 244]), ([5, 1, 245], [5, 3, 245]), ([1, 8, 245], [1, 9, 245]), ([7, 1, 245], [7, 3, 245]), ([6, 3, 246], [6, 3, 248])]
221 [([2, 6, 245], [5, 6, 245]), ([2, 9, 246], [5, 9, 246]), ([2, 8, 246], [4, 8, 246]), ([3, 4, 244], [3, 4, 247]), ([6, 3, 246], [6, 3, 248])]
222 [([0, 7, 246], [0, 9, 246]), ([2, 0, 246], [2, 3, 246]), ([8, 3, 246], [8, 5, 246]), ([7, 3, 246], [7, 6, 246]), ([8, 4, 247], [8, 6, 247])]
223 [([8, 3, 247], [8, 3, 248]), ([7, 1, 247], [9, 1, 247]), ([2, 5, 247], [4, 5, 247]), ([0, 3, 247], [2, 3, 247]), ([5, 9, 248], [8, 9, 248])]
224 [([8, 3, 247], [8, 3, 248]), ([7, 5, 248], [7, 7, 248]), ([6, 9, 249], [6, 9, 252]), ([7, 2, 249], [7, 4, 249]), ([6, 2, 249], [6, 4, 249]), ([4, 5, 250], [4, 5, 252])]
225 [([1, 9, 249], [4, 9, 249]), ([2, 9, 250], [5, 9, 250]), ([6, 9, 249], [6, 9, 252]), ([4, 5, 250], [4, 5, 252])]
226 [([1, 9, 250], [1, 9, 251]), ([8, 0, 250], [8, 3, 250]), ([9, 0, 250], [9, 1, 250]), ([0, 1, 250], [0, 4, 250]), ([1, 2, 250], [1, 6, 250]), ([4, 5, 255], [4, 5, 257])]
227 [([1, 9, 250], [1, 9, 251]), ([0, 3, 251], [3, 3, 251]), ([1, 4, 252], [2, 4, 252]), ([0, 1, 252], [3, 1, 252]), ([4, 5, 255], [4, 5, 257])]
228 [([8, 3, 252], [8, 4, 252]), ([7, 4, 252], [7, 7, 252]), ([5, 8, 253], [5, 9, 253]), ([2, 1, 253], [2, 1, 254]), ([0, 2, 253], [0, 5, 253])]
229 [([7, 0, 253], [8, 0, 253]), ([0, 9, 254], [3, 9, 254]), ([2, 1, 253], [2, 1, 254]), ([7, 5, 254], [9, 5, 254]), ([3, 1, 254], [5, 1, 254])]
230 [([1, 3, 254], [1, 6, 254]), ([0, 3, 254], [0, 5, 254]), ([1, 0, 255], [1, 2, 255]), ([8, 3, 255], [8, 6, 255]), ([9, 4, 256], [9, 7, 256]), ([2, 0, 256], [2, 3, 256])]
231 [([5, 8, 256], [7, 8, 256]), ([5, 9, 256], [6, 9, 256]), ([1, 5, 256], [2, 5, 256]), ([4, 1, 257], [5, 1, 257]), ([0, 6, 257], [1, 6, 257]), ([2, 3, 259], [2, 3, 261])]
232 [([0, 4, 257], [0, 5, 257]), ([7, 3, 257], [7, 6, 257]), ([7, 2, 258], [7, 5, 258]), ([4, 0, 258], [4, 2, 258]), ([9, 3, 258], [9, 5, 258]), ([4, 3, 258], [4, 5, 258]), ([2, 3, 259], [2, 3, 261])]
233 [([0, 1, 258], [2, 1, 258]), ([1, 5, 258], [3, 5, 258]), ([6, 2, 259], [8, 2, 259]), ([0, 0, 259], [2, 0, 259]), ([4, 5, 260], [4, 5, 262])]
234 [([9, 6, 259], [9, 7, 259]), ([9, 1, 260], [9, 3, 260]), ([4, 0, 260], [4, 2, 260]), ([0, 2, 260], [0, 4, 260]), ([1, 0, 261], [1, 0, 263]), ([4, 5, 260], [4, 5, 262]), ([2, 0, 262], [2, 0, 262])]
235 [([1, 4, 261], [4, 4, 261]), ([7, 7, 262], [9, 7, 262]), ([1, 0, 261], [1, 0, 263])]
236 [([9, 2, 262], [9, 4, 262]), ([1, 2, 262], [1, 4, 262]), ([3, 1, 262], [3, 4, 262]), ([0, 1, 263], [0, 3, 263]), ([1, 4, 263], [1, 6, 263]), ([4, 5, 263], [4, 7, 263]), ([1, 1, 264], [1, 4, 264]), ([8, 6, 264], [8, 8, 264]), ([2, 4, 264], [2, 4, 267]), ([1, 0, 264], [1, 0, 266])]
237 [([4, 4, 264], [6, 4, 264]), ([9, 4, 265], [9, 4, 267]), ([1, 0, 264], [1, 0, 266]), ([2, 4, 264], [2, 4, 267])]
238 [([7, 6, 265], [7, 7, 265]), ([4, 5, 266], [4, 7, 266]), ([5, 2, 267], [5, 5, 267]), ([9, 4, 265], [9, 4, 267])]
239 [([3, 5, 267], [4, 5, 267]), ([1, 4, 268], [3, 4, 268]), ([4, 5, 268], [6, 5, 268]), ([1, 7, 269], [4, 7, 269]), ([2, 6, 269], [4, 6, 269]), ([1, 5, 269], [3, 5, 269]), ([4, 3, 269], [6, 3, 269]), ([5, 2, 270], [7, 2, 270])]
240 [([2, 1, 271], [2, 4, 271]), ([6, 5, 271], [6, 7, 271]), ([1, 7, 271], [1, 8, 271]), ([1, 4, 272], [1, 6, 272]), ([7, 2, 272], [7, 4, 272])]
241 [([4, 6, 272], [5, 6, 272]), ([3, 5, 272], [5, 5, 272]), ([3, 2, 273], [5, 2, 273])]
242 [([2, 0, 273], [2, 3, 273]), ([4, 0, 274], [4, 2, 274]), ([7, 1, 274], [7, 2, 274])]
243 [([5, 3, 274], [7, 3, 274]), ([0, 8, 274], [2, 8, 274])]
244 [([0, 6, 275], [0, 8, 275]), ([4, 6, 275], [4, 9, 275]), ([7, 3, 275], [7, 5, 275]), ([5, 0, 275], [5, 2, 275]), ([2, 8, 276], [2, 9, 276]), ([6, 1, 276], [6, 3, 276])]
245 [([4, 8, 276], [7, 8, 276]), ([2, 6, 276], [4, 6, 276]), ([1, 0, 277], [4, 0, 277]), ([6, 5, 277], [9, 5, 277]), ([4, 3, 277], [5, 3, 277]), ([2, 8, 279], [2, 8, 282])]
246 [([5, 0, 277], [5, 1, 277]), ([1, 7, 277], [1, 9, 277]), ([0, 7, 278], [0, 9, 278]), ([7, 5, 278], [7, 6, 278]), ([6, 6, 278], [6, 8, 278]), ([2, 8, 279], [2, 8, 282])]
247 [([2, 7, 278], [5, 7, 278]), ([3, 6, 278], [5, 6, 278]), ([3, 4, 278], [7, 4, 278]), ([4, 3, 278], [5, 3, 278]), ([6, 2, 279], [8, 2, 279])]
248 [([1, 3, 279], [1, 7, 279]), ([8, 5, 279], [8, 7, 279]), ([8, 1, 280], [8, 3, 280]), ([2, 7, 281], [2, 7, 284])]
249 [([7, 7, 280], [9, 7, 280]), ([5, 4, 281], [7, 4, 281]), ([8, 2, 281], [9, 2, 281]), ([1, 7, 282], [1, 7, 284]), ([2, 7, 281], [2, 7, 284])]
250 [([7, 5, 281], [7, 6, 281]), ([5, 3, 282], [5, 6, 282]), ([7, 1, 282], [7, 3, 282]), ([1, 7, 282], [1, 7, 284])]
251 [([0, 3, 282], [3, 3, 282]), ([7, 3, 283], [8, 3, 283])]
252 [([3, 1, 283], [3, 4, 283]), ([0, 1, 284], [0, 3, 284])]
253 [([7, 5, 284], [9, 5, 284]), ([7, 1, 284], [8, 1, 284]), ([7, 1, 285], [8, 1, 285])]
254 [([8, 5, 285], [8, 7, 285]), ([8, 2, 285], [8, 3, 285]), ([0, 3, 285], [0, 4, 285]), ([9, 5, 286], [9, 7, 286]), ([8, 6, 286], [8, 7, 286]), ([1, 6, 286], [1, 9, 286])]
255 [([5, 5, 286], [7, 5, 286]), ([3, 1, 286], [6, 1, 286])]
256 [([0, 4, 287], [0, 7, 287]), ([6, 0, 288], [6, 4, 288]), ([7, 3, 288], [7, 6, 288]), ([3, 1, 289], [3, 1, 291])]
257 [([1, 6, 288], [3, 6, 288]), ([0, 4, 289], [1, 4, 289]), ([1, 8, 289], [3, 8, 289]), ([3, 1, 289], [3, 1, 291])]
258 [([4, 1, 289], [4, 2, 289]), ([9, 7, 289], [9, 9, 289])]
259 [([1, 6, 290], [3, 6, 290]), ([0, 8, 291], [1, 8, 291])]
260 [([7, 2, 291], [7, 4, 291]), ([0, 2, 292], [0, 4, 292])]
261 [([2, 2, 292], [5, 2, 292]), ([3, 6, 293], [5, 6, 293]), ([2, 1, 293], [5, 1, 293]), ([7, 2, 293], [7, 2, 295])]
262 [([2, 5, 293], [2, 7, 293]), ([0, 5, 294], [0, 8, 294]), ([7, 2, 293], [7, 2, 295]), ([4, 5, 295], [4, 6, 295]), ([5, 4, 295], [5, 6, 295]), ([3, 6, 296], [3, 6, 296]), ([4, 2, 297], [4, 5, 297]), ([5, 3, 298], [5, 4, 298])]
263 [([4, 3, 299], [4, 3, 301])]
264 [([4, 3, 299], [4, 3, 301])]
265 []
266 []
267 []
268 []
269 []
270 []
271 []
272 []
273 []
274 []
275 []
276 []
277 []
278 []
279 []
280 []
281 []
282 []
283 []
284 []
285 []
286 []
287 []
288 []
289 []
290 []
291 []
292 []
293 []
294 []
295 []
296 []
297 []
298 []
299 []
300 []
301 []
------
ans1: 0
ans2: 0
